 <pre>

 Contingency table for Cloud base (m)
 Selection: ALL    653 stations
Period: 20210628-20210726
Used {00,03,...,21} + 00 01 ... 09
 Limits    70.0000000       150.000000       300.000000       600.000000       1000.00000       1500.00000       2500.00000       5000.00000    
 Each class is data <= limit, the very last > last limit
 Total number of values      918012
                                                       OBSERVATION
                                   2277     1094      732      409      254      127      141      354     1170 |      6558
                                   1399     1893     1990      714      312       72      111      200      157 |      6848
                                   1256     3473     6896     3823     1209      357      223      374      415 |     18026
                                    860     2388     8393    12644     4745     1276      566      635      859 |     32366
                   meps_mbr000      517     1338     4442    11606    16139     5482     1677     1460     1860 |     44521
                                    429      814     2713     5746    13924    19457     7255     3672     4948 |     58958
                                    489      787     2402     4843    11135    18227    28059    13436    14182 |     93560
                                    564      964     2697     3940     5719     5824    10131    20508     5946 |     56293
                                   3878     3275     8694    20075    44100    51761    53945    71494   343660 |    600882

                    SUM           11669    16026    38959    63800    97537   102583   102108   112133   373197 |    918012
                                                       OBSERVATION
                                   1955      878      670      368      221       95      113      305     1168 |      5773
                                   1279     1760     1822      773      321       94       95      132      142 |      6418
                                   1229     3340     6835     3817     1231      387      216      330      356 |     17741
                                    892     2407     8349    12576     4814     1286      619      661      864 |     32468
                    mnwc_preop      568     1334     4597    11619    16374     5581     1711     1601     1901 |     45286
                                    481      874     2865     5830    14002    19590     7366     3732     5084 |     59824
                                    601      969     2577     5157    11281    18478    28668    14080    14462 |     96273
                                    632     1061     2818     4054     6181     6308    11016    22641     6854 |     61565
                                   4032     3403     8426    19606    43112    50764    52304    68651   342366 |    592664

                    SUM           11669    16026    38959    63800    97537   102583   102108   112133   373197 |    918012
                                                       OBSERVATION
                                   1898      845      657      350      225      114      116      292     1047 |      5544
                                   1269     1794     1798      739      311       82       87      136      156 |      6372
                                   1240     3348     6780     3739     1190      390      236      332      332 |     17587
                                    925     2427     8497    12773     4737     1248      631      703      911 |     32852
                 mnwc_pysurfex      584     1357     4606    11786    16700     5593     1710     1560     1966 |     45862
                                    468      863     2791     5800    14205    20079     7571     3719     5141 |     60637
                                    589      934     2579     5123    11348    18485    28927    13995    14537 |     96517
                                    638     1051     2831     4054     6099     6262    11006    22737     6803 |     61481
                                   4058     3407     8420    19436    42722    50330    51824    68659   342304 |    591160

                    SUM           11669    16026    38959    63800    97537   102583   102108   112133   373197 |    918012

