 <pre>

 Contingency table for Cloud cover (octas)
 Selection: ALL    410 stations
Period: 20210628-20210726
Used {00,03,...,21} + 00 01 ... 09
 Limits   0.500000000       1.50000000       2.50000000       3.50000000       4.50000000       5.50000000       6.50000000       7.50000000    
 Each class is data <= limit, the very last > last limit
 Total number of values      571728
                                                       OBSERVATION
                                  79681    20679    19309    12555     7382     8965    10054    11101    11481 |    181207
                                   7812     3277     3497     3287     2407     3110     4001     5727     6673 |     39791
                                   4272     1735     1960     1706     1475     2020     2554     3792     4565 |     24079
                                   3194     1369     1549     1391     1156     1717     2169     3272     4175 |     19992
                   meps_mbr000     2963     1155     1342     1348     1264     1539     2294     3494     4334 |     19733
                                   2944     1157     1399     1405     1170     1717     2369     3807     5128 |     21096
                                   3126     1195     1402     1408     1210     1881     2847     4734     6567 |     24370
                                   4411     1770     1976     2069     1643     2679     4032     7762    11118 |     37460
                                   9497     4821     4462     5368     4537     8531    15069    46990   104725 |    204000

                    SUM          117900    37158    36896    30537    22244    32159    45389    90679   158766 |    571728
                                                       OBSERVATION
                                  79385    20605    19080    12309     7142     8502     9138    10369    10752 |    177282
                                   7745     3106     3488     3139     2336     3067     3749     5210     6011 |     37851
                                   4178     1690     1845     1782     1379     1915     2412     3494     4235 |     22930
                                   3208     1345     1482     1369     1188     1680     2115     3103     3901 |     19391
                    mnwc_preop     2997     1219     1388     1314     1218     1565     2150     3212     4010 |     19073
                                   2932     1098     1400     1452     1200     1707     2482     3793     4914 |     20978
                                   3189     1335     1421     1492     1225     1805     2695     4690     6234 |     24086
                                   4328     1758     1983     2008     1708     2713     4088     7384    10753 |     36723
                                   9938     5002     4809     5672     4848     9205    16560    49424   107956 |    213414

                    SUM          117900    37158    36896    30537    22244    32159    45389    90679   158766 |    571728
                                                       OBSERVATION
                                  79088    20452    19013    12236     7010     8437     9047    10123    10506 |    175912
                                   7837     3179     3476     3054     2352     3057     3628     5243     6007 |     37833
                                   4182     1700     1866     1803     1364     1939     2437     3444     4201 |     22936
                                   3293     1354     1502     1405     1184     1641     2121     3039     3805 |     19344
                 mnwc_pysurfex     3024     1221     1396     1317     1219     1563     2220     3193     4002 |     19155
                                   2924     1164     1392     1423     1250     1747     2454     3879     4724 |     20957
                                   3160     1326     1432     1486     1233     1809     2678     4670     6344 |     24138
                                   4437     1727     1975     2066     1738     2736     4237     7363    10860 |     37139
                                   9955     5035     4844     5747     4894     9230    16567    49725   108317 |    214314

                    SUM          117900    37158    36896    30537    22244    32159    45389    90679   158766 |    571728

