 <pre>

 Contingency table for Low clouds (octas)
 Selection: ALL    641 stations
Period: 20210628-20210726
Used {00,03,...,21} + 00 01 ... 09
 Limits    1.00000000       2.00000000       3.00000000       4.00000000       5.00000000       6.00000000       7.00000000    
 Each class is data <= limit, the very last > last limit
 Total number of values      969948
                                              OBSERVATION
                                 527646    41733    30878    20519    20080    15971    23851    23137 |    703815
                                   9171     2551     2536     1941     1962     1717     3227     3249 |     26354
                                   5566     1677     1745     1379     1418     1273     2285     2403 |     17746
                   meps_mbr000     4913     1615     1741     1427     1349     1153     2381     2279 |     16858
                                   4940     1631     1721     1346     1420     1264     2583     2559 |     17464
                                   5179     1623     1830     1407     1570     1404     3017     3277 |     19307
                                   7059     2258     2384     1715     2104     1960     4461     5432 |     27373
                                  18651     8467     9525     7643     9047     9639    28356    49703 |    141031

                    SUM          583125    61555    52360    37377    38950    34381    70161    92039 |    969948
                                              OBSERVATION
                                 525286    40929    30100    19896    19210    15161    22889    22467 |    695938
                                   8802     2433     2470     1832     1824     1616     2891     2970 |     24838
                                   5697     1726     1781     1364     1434     1204     2146     2232 |     17584
                    mnwc_preop     4937     1554     1651     1348     1310     1133     2198     2151 |     16282
                                   5257     1682     1720     1445     1544     1313     2615     2632 |     18208
                                   5457     1674     1806     1403     1537     1386     3034     3244 |     19541
                                   7402     2311     2399     1897     2100     2029     4444     5301 |     27883
                                  20287     9246    10433     8192     9991    10539    29944    51042 |    149674

                    SUM          583125    61555    52360    37377    38950    34381    70161    92039 |    969948
                                              OBSERVATION
                                 524048    40733    29757    19673    18955    14979    22324    22034 |    692503
                                   9153     2479     2524     1882     1900     1586     3055     3041 |     25620
                                   5722     1722     1857     1430     1443     1243     2251     2258 |     17926
                 mnwc_pysurfex     5148     1603     1617     1351     1378     1146     2189     2157 |     16589
                                   5344     1738     1839     1426     1518     1352     2685     2525 |     18427
                                   5569     1698     1745     1452     1617     1406     2993     3244 |     19724
                                   7537     2265     2438     1928     2127     2090     4507     5336 |     28228
                                  20604     9317    10583     8235    10012    10579    30157    51444 |    150931

                    SUM          583125    61555    52360    37377    38950    34381    70161    92039 |    969948

